2.4136774522066116
1.1632736173272133
0.9339937786757946
1.0770143057405948
0.9315628693997859
0.7783968072384596
0.7865725619345904
0.8021949104964733
0.6623919917643071
0.6958273445814848
0.6527984850853682
0.7235464913398028
0.6682742001861334
0.6301450578868389
0.5805966061353683
0.6342276471108198
0.5440382490307093
0.5832444348931313
0.6344342751055956
0.5523127055168152
0.5743854089081287
0.5100973650813103
0.5860718257725239
0.5346760520339012
0.6250539819896221
0.5727026449143886
0.5246841373294592
0.5306121901422739
0.5154650323092937
0.5197704368829728
0.5677402635663747
0.5170100437104702
0.5402121537923813
0.4766858144849539
0.4974988604336977
0.4829744782298803
0.5083791428431869
0.48496861301362515
0.5521276247501373
0.474583557844162
